chr19	44582576	44583088	NA_peak_475	944	.	42.13451	102.25591	94.46868	243
chr19	6262223	6262602	NA_peak_103	914	.	39.68479	97.76305	91.43243	186
chr19	41442600	41442958	NA_peak_412	902	.	36.38032	96.34286	90.25460	182
chr19	44363400	44363834	NA_peak_468	900	.	40.14358	96.06638	90.05001	282
chr19	10502605	10502969	NA_peak_177	875	.	37.56701	93.25992	87.50612	192
chr19	59239486	59239830	NA_peak_644	851	.	38.03951	90.69896	85.11856	166
chr19	37265833	37266079	NA_peak_367	783	.	33.61938	83.67067	78.32436	126
chr19	10059857	10060255	NA_peak_162	778	.	33.66479	83.17758	77.84367	198
chr19	40391516	40391831	NA_peak_390	759	.	33.99357	81.27940	75.98633	120
chr19	40345737	40346080	NA_peak_389	759	.	35.25790	81.27670	75.98633	137
chr19	6304779	6305185	NA_peak_106	756	.	34.56401	80.88870	75.65649	208
chr19	44887685	44888020	NA_peak_477	756	.	34.05130	80.89594	75.65649	186
chr19	4099045	4099395	NA_peak_24	704	.	32.61792	75.43908	70.46548	153
chr19	44295796	44296115	NA_peak_466	694	.	27.49558	74.34167	69.41837	158
chr19	10709383	10709731	NA_peak_183	687	.	31.74363	73.66543	68.75672	162
chr19	21747384	21747729	NA_peak_248	677	.	32.33739	72.58334	67.70353	194
chr19	18687635	18687907	NA_peak_234	657	.	31.44675	70.53088	65.71446	128
chr19	24271823	24272127	NA_peak_271	639	.	30.15534	68.76754	63.99399	147
chr19	16599370	16599663	NA_peak_224	619	.	28.36726	66.62280	61.90078	125
chr19	5529174	5529661	NA_peak_79	610	.	29.19105	65.70419	61.01595	349
chr19	10486437	10486793	NA_peak_176	601	.	27.61696	64.77282	60.10424	201
chr19	43478949	43479268	NA_peak_448	595	.	28.42904	64.22067	59.56410	152
chr19	6489010	6489337	NA_peak_114	595	.	29.14728	64.19122	59.53529	173
chr19	46587800	46588196	NA_peak_535	594	.	24.76470	64.07412	59.42425	224
chr19	6268190	6268417	NA_peak_104	592	.	28.03783	63.87967	59.23232	99
chr19	45220589	45220885	NA_peak_496	578	.	28.81520	62.42319	57.81437	137
chr19	7064608	7064949	NA_peak_129	569	.	24.33149	61.51925	56.94580	137
chr19	55332653	55332979	NA_peak_595	569	.	24.33149	61.51925	56.94580	159
chr19	17364817	17365071	NA_peak_230	569	.	24.02199	61.51925	56.94580	128
chr19	7264051	7264487	NA_peak_132	558	.	27.43884	60.42308	55.88749	237
chr19	5965306	5965586	NA_peak_95	552	.	26.62467	59.71365	55.22089	151
chr19	41071562	41071905	NA_peak_403	537	.	23.40299	58.16553	53.70729	207
chr19	6577219	6577465	NA_peak_117	531	.	26.31380	57.60561	53.16999	122
chr19	55545586	55545854	NA_peak_598	531	.	25.90657	57.60561	53.16999	160
chr19	4441334	4441598	NA_peak_41	520	.	26.10287	56.45699	52.04688	91
chr19	43959183	43959488	NA_peak_460	519	.	26.51423	56.33237	51.93590	143
chr19	5053778	5054141	NA_peak_58	513	.	25.09209	55.73040	51.34818	245
chr19	4755574	4755931	NA_peak_48	513	.	25.09209	55.73040	51.34818	167
chr19	40343055	40343392	NA_peak_388	510	.	26.06072	55.45894	51.08249	131
chr19	5793109	5793335	NA_peak_88	504	.	22.47449	54.84914	50.48597	99
chr19	55218240	55218751	NA_peak_593	504	.	22.47449	54.84914	50.48597	343
chr19	5338011	5338296	NA_peak_72	504	.	22.47449	54.84914	50.48597	127
chr19	47674466	47674761	NA_peak_560	504	.	22.16499	54.84914	50.48597	129
chr19	24871312	24871625	NA_peak_280	501	.	25.16157	54.52208	50.17983	178
chr19	45746355	45746674	NA_peak_508	495	.	23.86544	53.88114	49.56447	173
chr19	40544953	40545213	NA_peak_391	495	.	24.24060	53.88114	49.56447	116
chr19	46444318	46444575	NA_peak_529	495	.	24.68486	53.86647	49.55838	146
chr19	45074144	45074456	NA_peak_488	489	.	21.85549	53.20546	48.90903	205
chr19	29253855	29254155	NA_peak_302	489	.	21.85549	53.20546	48.90903	143
chr19	47507149	47507431	NA_peak_558	487	.	25.00072	53.03358	48.76276	142
chr19	45573756	45574296	NA_peak_504	485	.	24.28580	52.80508	48.53571	248
chr19	44562584	44562863	NA_peak_474	485	.	24.28580	52.80508	48.53571	129
chr19	5786473	5786776	NA_peak_86	483	.	24.30304	52.61105	48.34326	137
chr19	45805060	45805270	NA_peak_510	482	.	22.81797	52.55827	48.29323	109
chr19	56255620	56255869	NA_peak_606	478	.	23.11514	52.10281	47.85466	124
chr19	15649415	15649691	NA_peak_212	477	.	23.87039	52.01410	47.77942	150
chr19	10000399	10000682	NA_peak_159	477	.	23.87039	52.01410	47.77942	123
chr19	5727822	5728138	NA_peak_85	473	.	21.23649	51.57176	47.35344	194
chr19	42026174	42026519	NA_peak_424	473	.	21.23649	51.57176	47.35344	158
chr19	37509789	37510056	NA_peak_370	464	.	23.87625	50.59792	46.40872	152
chr19	10034786	10035103	NA_peak_161	461	.	21.80398	50.30372	46.12843	188
chr19	4000135	4000394	NA_peak_20	461	.	23.66047	50.28970	46.11526	123
chr19	27780038	27780309	NA_peak_292	459	.	23.46315	50.17363	45.99961	127
chr19	41763917	41764200	NA_peak_417	458	.	22.56223	50.02303	45.86132	156
chr19	59198234	59198498	NA_peak_642	457	.	20.61749	49.94826	45.78666	172
chr19	46991207	46991532	NA_peak_544	457	.	20.61749	49.94826	45.78666	129
chr19	24300921	24301299	NA_peak_273	457	.	20.92699	49.94826	45.78666	149
chr19	10907965	10908239	NA_peak_185	457	.	21.26491	49.93546	45.78666	123
chr19	3586580	3586862	NA_peak_10	451	.	20.51666	49.26685	45.13031	165
chr19	41244610	41244890	NA_peak_407	451	.	23.65779	49.24840	45.11361	114
chr19	15801877	15802281	NA_peak_213	450	.	23.65213	49.13599	45.00400	157
chr19	5016873	5017128	NA_peak_56	445	.	23.43093	48.67032	44.54670	143
chr19	10678511	10678798	NA_peak_182	444	.	21.98969	48.58025	44.46234	121
chr19	57328860	57329224	NA_peak_624	442	.	23.75308	48.38435	44.27518	228
chr19	55198354	55198645	NA_peak_591	442	.	23.75308	48.38435	44.27518	163
chr19	56201104	56201458	NA_peak_602	442	.	20.30799	48.33522	44.23552	131
chr19	24284181	24284601	NA_peak_272	442	.	20.30799	48.33522	44.23552	237
chr19	10341171	10341504	NA_peak_173	442	.	20.30799	48.33522	44.23552	141
chr19	42190521	42190833	NA_peak_430	436	.	21.48193	47.68572	43.60264	184
chr19	53648752	53649196	NA_peak_583	431	.	19.00229	47.22467	43.14756	144
chr19	46304144	46304449	NA_peak_522	426	.	22.54028	46.75607	42.69197	149
chr19	5787141	5787400	NA_peak_87	426	.	19.68899	46.73289	42.67539	129
chr19	46309118	46309399	NA_peak_523	426	.	19.68899	46.73289	42.67539	153
chr19	43495842	43496200	NA_peak_449	426	.	19.68899	46.73289	42.67539	180
chr19	58904041	58904366	NA_peak_640	424	.	22.83269	46.43076	42.40313	173
chr19	45436151	45436386	NA_peak_499	424	.	22.37250	46.43076	42.40313	127
chr19	36909751	36910223	NA_peak_363	424	.	22.37250	46.43076	42.40313	108
chr19	18716469	18716706	NA_peak_236	424	.	22.83269	46.43076	42.40313	127
chr19	11768206	11768454	NA_peak_193	424	.	22.37250	46.43076	42.40313	144
chr19	5568092	5568523	NA_peak_81	421	.	22.73278	46.21194	42.19424	307
chr19	15617567	15617857	NA_peak_211	421	.	22.27460	46.21194	42.19424	162
chr19	10665487	10665760	NA_peak_181	420	.	15.80833	46.11438	42.09947	145
chr19	9082465	9082805	NA_peak_150	417	.	22.06231	45.74357	41.73522	201
chr19	44474187	44474556	NA_peak_471	411	.	20.86423	45.10527	41.12490	129
chr19	60144398	60144644	NA_peak_651	411	.	22.15672	45.09285	41.11444	127
chr19	5568771	5569197	NA_peak_83	408	.	22.09496	44.85560	40.88095	246
chr19	24265049	24265311	NA_peak_270	408	.	22.09496	44.85560	40.88095	125
chr19	37703950	37704255	NA_peak_377	407	.	21.42696	44.72701	40.76273	177
chr19	8713260	8713501	NA_peak_144	400	.	21.25211	44.02566	40.08123	123
chr19	42272168	42272661	NA_peak_431	400	.	21.68926	44.02566	40.08123	366
